555.1028903121393 596.8222700983275 395.34370823563506 325.9489375352954 56.01420529772661 
407.8672528777285 280.88862256169296 275.9267575533922 110.12388140503379 554.8261705456977 
481.7745311684224 456.01591044017863 495.0864704922947 134.5224552647606 445.5488031280921 
372.15408717760954 256.331417845446 151.07140879165527 564.1345570875031 299.47902086686184 
269.6246605484496 227.7185265753682 33.52985447387862 428.31615397997416 589.1161286429478 
487.5621694524751 450.16442428914314 248.97217388129746 420.71670451232455 280.5041635205685 
258.75787390625453 127.67863757694016 310.64867201734324 583.7722418115069 116.52319052458209 
576.0291846891315 289.01313482251453 253.35795751909853 388.5591255997782 266.2541528119894 
458.21833262235214 453.7139868733049 339.2753429010583 594.6763311740781 466.11256269443504 
543.0543307161706 334.6940074479554 145.69166229389236 453.66538961927665 41.601319460519065 
120.47158422075478 358.61857837982285 217.04097129332266 460.12325682205125 190.48468035886802 
49.75967934272765 73.90725113030453 316.10618232279296 210.82344493149603 392.0196492790365 
473.8246612929886 214.90375335941707 614.0365969233015 104.423078059377 542.5583058976154 
223.2089280000627 428.47154634561076 353.8758032487043 100.15704998600089 112.19107826426325 
157.5535852385481 21.51385473531951 242.64359496630343 597.6424609187648 73.84769841124242 
535.9833446035093 127.15911383892254 254.47768895489332 42.746885748890165 25.995451682417176 
350.40612904753067 332.92999219945244 540.6307023960063 494.49990142040696 60.23365777688821 
453.78798622073106 482.33775218245603 266.8209519367302 290.20801696479873 110.01670668916518 
222.79588977542994 515.0994791247383 357.01335308299076 52.10674011294336 247.65391609778783 
211.38497943347045 110.52540965368883 184.49505164590465 617.758446500011 211.72123072335395 
576.4024500351628 350.4013721804596 382.3197764593241 123.56932700483712 481.0370049052131 
332.42386612228796 525.6104824077554 558.911948155096 98.71224127647373 346.23783030083393 
362.04037235632285 125.38240607804859 610.8065554172647 454.7411767047926 244.45183237115174 
57.76242228013498 516.8903876775535 479.99040032277514 200.47898240303562 142.1923347892883 
387.55884818271153 340.270860774269 461.814629411717 335.43738987621475 398.8438608219811 
289.64510136282274 401.22864139277345 431.553928264118 438.049705066983 87.32291353716604 
342.1815737861914 478.2993492737511 120.85569433961885 474.19694638811603 55.87726575182983 
595.6292826103213 409.52954412926744 283.8875915187224 510.5980634472712 198.62610604898694 
272.09552173614986 65.6408937416711 588.1666426031155 377.20219849233763 572.3007475564806 
446.4232224117476 432.37794000972104 134.92200854206666 530.2237531973232 409.55653878399653 
