368.71953361849563 45.60795974738701 504.59342660787183 484.2003590226788 19.17858080205697 
342.8055839516722 366.5012994376801 302.98094144485566 498.6844423176617 204.3397405980321 
324.10346278825267 261.45272911140967 199.36398245432727 271.6100253177971 367.34762294602143 
161.48114480308806 35.31123625692999 385.26183990048236 459.3875174000734 492.0717377108365 
464.82379509346634 126.16817450075013 284.90874504955053 309.96679717169604 445.7750929983652 
86.91066370128513 159.12969829409212 468.9053382236289 310.45086794898236 141.33796939960087 
146.30552564377746 27.6245240544875 171.17784312705496 104.77976886686085 61.56352473424653 
291.6806593382091 93.07278683824781 302.4943376167989 154.89793536164808 69.16791266570814 
395.24002221860115 188.92788249824088 401.1521859710962 345.4128163818714 66.74554912630236 
285.36381954027985 444.81695436876566 206.72283242128808 408.6959648315904 328.540036479607 
373.4719284532436 468.2668424643163 138.75017081457136 147.8122860702765 118.69954205459142 
86.16598139127645 319.392108163108 413.4418804905675 408.2987020618944 58.872720785147926 
96.29258711165888 23.585762166705372 318.6267484001401 147.91645382249706 358.08836753155265 
22.56709525107341 100.8977040153976 373.09362613875186 53.90657454002361 68.00444189880622 
80.2649334945572 362.1805708752953 29.962639566108496 89.37786502078193 51.51631590737681 
260.2472154290726 371.5598249636976 405.60972735897053 220.21016598109497 28.649680276442094 
361.8184815316465 194.23862914499423 363.07989371135676 88.78004542538558 293.4631901635 
329.76447397998373 506.5356476955831 390.6512042849676 494.99585130505676 233.7427810963315 
47.09092111665885 111.39516618783823 57.58295167342336 504.2063565740046 362.5424140918454 
313.752731079958 373.9849862341085 216.9926093100825 87.73112013892047 19.632797030501905 
225.8563133185798 416.55430766450723 353.71294910090324 278.81932465895954 280.74343950528777 
438.83232707632067 414.1667685996906 437.904148351871 485.10997116838286 333.7681137928634 
207.86818753583336 439.52380365254004 464.7162330424218 280.03424736814463 31.057131342841984 
106.9783409040339 168.68183168548356 509.5611586236939 118.52736487518688 494.31037275990843 
118.55910830963545 384.4380392761082 57.265986561350395 506.92249328103253 248.74581474052366 
393.7662346178921 81.47120988857958 122.81111134198224 449.56490854625594 463.04312192819293 
422.7763254655353 169.49488449415296 49.33981227322219 93.65456855964254 14.508170905357932 
236.7158295366743 96.79310360953384 475.0542517746792 473.808117259345 429.99129221698377 
430.0968137756671 337.20783369472525 410.4437390562771 295.0948858397569 143.90246115047222 
435.88012814927 236.1392623592652 368.54442846914856 190.67901605858577 188.34345022862064 
